
###############
01-PSY-9bZkp7q19f0

[1 1 1 1 1 1 1 1 1 1 1 1 1 1 0 1 0 1 1 1 1 0 1 1 1 1 0 1 1 1 1 1 1 1 1 1 1
 1 1 1 1 1 1 1 1 1 1 1 1 1 1 1 1 1 1 1 1 1 1 1 1 1 1 1 0 1 1 1 1 1 1 1 1 1
 1 0 1 1 0 1 1 0 0 1 1 1 1 1 0 0 0 1 1 1 1 1 1 1 1 1 1 1 1 1 0 1 1 1 0 1 1
 1 1 1 1 1 1 1 1 1 1 1 1 1 1 1 1 1 1 1 1 1 1 1 1 1 1 1 1]
[[ 0.09142636  0.90857364]
 [ 0.0374853   0.9625147 ]
 [ 0.25403331  0.74596669]
 [ 0.26893474  0.73106526]
 [ 0.2983081   0.7016919 ]
 [ 0.06456235  0.93543765]
 [ 0.0582984   0.9417016 ]
 [ 0.26238566  0.73761434]
 [ 0.22097771  0.77902229]
 [ 0.0863898   0.9136102 ]
 [ 0.22475772  0.77524228]
 [ 0.2293209   0.7706791 ]
 [ 0.28756368  0.71243632]
 [ 0.23795774  0.76204226]
 [ 0.98167769  0.01832231]
 [ 0.34720631  0.65279369]
 [ 0.75049552  0.24950448]
 [ 0.14342743  0.85657257]
 [ 0.22853312  0.77146688]
 [ 0.10237989  0.89762011]
 [ 0.22816784  0.77183216]
 [ 0.97944627  0.02055373]
 [ 0.3220126   0.6779874 ]
 [ 0.19607798  0.80392202]
 [ 0.17841225  0.82158775]
 [ 0.25688509  0.74311491]
 [ 0.80641834  0.19358166]
 [ 0.22830183  0.77169817]
 [ 0.21509103  0.78490897]
 [ 0.22461623  0.77538377]
 [ 0.22865635  0.77134365]
 [ 0.21381411  0.78618589]
 [ 0.10968788  0.89031212]
 [ 0.16037232  0.83962768]
 [ 0.29913508  0.70086492]
 [ 0.20179656  0.79820344]
 [ 0.09074747  0.90925253]
 [ 0.17762701  0.82237299]
 [ 0.1994378   0.8005622 ]
 [ 0.09554568  0.90445432]
 [ 0.36746716  0.63253284]
 [ 0.25562868  0.74437132]
 [ 0.10875648  0.89124352]
 [ 0.22810198  0.77189802]
 [ 0.15589808  0.84410192]
 [ 0.23646303  0.76353697]
 [ 0.19034552  0.80965448]
 [ 0.21118324  0.78881676]
 [ 0.19064278  0.80935722]
 [ 0.20786685  0.79213315]
 [ 0.13520999  0.86479001]
 [ 0.25673747  0.74326253]
 [ 0.22302673  0.77697327]
 [ 0.25768286  0.74231714]
 [ 0.24900519  0.75099481]
 [ 0.06060915  0.93939085]
 [ 0.30606665  0.69393335]
 [ 0.10634111  0.89365889]
 [ 0.22636797  0.77363203]
 [ 0.22853475  0.77146525]
 [ 0.2257408   0.7742592 ]
 [ 0.17830663  0.82169337]
 [ 0.17032984  0.82967016]
 [ 0.25787313  0.74212687]
 [ 0.93050244  0.06949756]
 [ 0.12435213  0.87564787]
 [ 0.20319172  0.79680828]
 [ 0.122581    0.877419  ]
 [ 0.198208    0.801792  ]
 [ 0.12344189  0.87655811]
 [ 0.21223999  0.78776001]
 [ 0.25044722  0.74955278]
 [ 0.21127038  0.78872962]
 [ 0.08949892  0.91050108]
 [ 0.18979619  0.81020381]
 [ 0.81933041  0.18066959]
 [ 0.13363287  0.86636713]
 [ 0.23420189  0.76579811]
 [ 0.76206379  0.23793621]
 [ 0.226278    0.773722  ]
 [ 0.27896264  0.72103736]
 [ 0.56296072  0.43703928]
 [ 0.87440115  0.12559885]
 [ 0.25904417  0.74095583]
 [ 0.15444428  0.84555572]
 [ 0.12419902  0.87580098]
 [ 0.46979237  0.53020763]
 [ 0.02260876  0.97739124]
 [ 0.59613939  0.40386061]
 [ 0.77715516  0.22284484]
 [ 0.56544622  0.43455378]
 [ 0.24602634  0.75397366]
 [ 0.28816533  0.71183467]
 [ 0.25699736  0.74300264]
 [ 0.00101249  0.99898751]
 [ 0.00622582  0.99377418]
 [ 0.24992895  0.75007105]
 [ 0.06153357  0.93846643]
 [ 0.22475772  0.77524228]
 [ 0.34506496  0.65493504]
 [ 0.26735416  0.73264584]
 [ 0.23789929  0.76210071]
 [ 0.22475772  0.77524228]
 [ 0.22476046  0.77523954]
 [ 0.6257765   0.3742235 ]
 [ 0.14231054  0.85768946]
 [ 0.19172992  0.80827008]
 [ 0.25083804  0.74916196]
 [ 0.52842736  0.47157264]
 [ 0.25369664  0.74630336]
 [ 0.16074072  0.83925928]
 [ 0.25331896  0.74668104]
 [ 0.32795681  0.67204319]
 [ 0.29087813  0.70912187]
 [ 0.31745436  0.68254564]
 [ 0.10518233  0.89481767]
 [ 0.35119475  0.64880525]
 [ 0.44754739  0.55245261]
 [ 0.12493443  0.87506557]
 [ 0.2389538   0.7610462 ]
 [ 0.25484205  0.74515795]
 [ 0.26604909  0.73395091]
 [ 0.23508139  0.76491861]
 [ 0.36705683  0.63294317]
 [ 0.27643274  0.72356726]
 [ 0.40259192  0.59740808]
 [ 0.22408977  0.77591023]
 [ 0.29387108  0.70612892]
 [ 0.25689361  0.74310639]
 [ 0.38097601  0.61902399]
 [ 0.31578795  0.68421205]
 [ 0.27548691  0.72451309]
 [ 0.23138112  0.76861888]
 [ 0.22533583  0.77466417]
 [ 0.32366462  0.67633538]
 [ 0.43141015  0.56858985]
 [ 0.45328845  0.54671155]
 [ 0.32055902  0.67944098]
 [ 0.25672649  0.74327351]]
N above threshold: 16
[1 1 1 1 1 0 0 1 1 1 1 1 1 1 1 1 0 1 0 1 1 0 1 1 1 1 1 1 0 0 1 1 1 1 1 1 1
 1 1 1 0 1 1 0 1 0 0 0 0 1 1 0 1 0 0 0 1 0 1 1 1 1 1 1 0 1 1 1 1 0 1 1 1 0
 1 1 0 0 0 0 1 0 0 1 1 1 0 0 0 0 0 1 0 0 0 0 1 1 1 0 0 0 0 0]
[[  4.25749026e-01   5.74250974e-01]
 [  2.40310877e-01   7.59689123e-01]
 [  3.96061494e-01   6.03938506e-01]
 [  4.17304860e-01   5.82695140e-01]
 [  2.37874792e-01   7.62125208e-01]
 [  5.85601626e-01   4.14398374e-01]
 [  5.08723277e-01   4.91276723e-01]
 [  2.61427642e-01   7.38572358e-01]
 [  4.72083348e-01   5.27916652e-01]
 [  3.51826933e-01   6.48173067e-01]
 [  4.55381156e-01   5.44618844e-01]
 [  4.07138051e-01   5.92861949e-01]
 [  4.21204174e-01   5.78795826e-01]
 [  4.05305386e-01   5.94694614e-01]
 [  4.43324121e-01   5.56675879e-01]
 [  3.07773634e-01   6.92226366e-01]
 [  5.04232847e-01   4.95767153e-01]
 [  4.51748316e-01   5.48251684e-01]
 [  5.04489222e-01   4.95510778e-01]
 [  4.86692832e-01   5.13307168e-01]
 [  1.70598486e-01   8.29401514e-01]
 [  5.21791086e-01   4.78208914e-01]
 [  2.65654399e-01   7.34345601e-01]
 [  4.61278974e-01   5.38721026e-01]
 [  4.32200249e-01   5.67799751e-01]
 [  4.31854876e-01   5.68145124e-01]
 [  3.89889940e-01   6.10110060e-01]
 [  3.25927373e-01   6.74072627e-01]
 [  5.08132742e-01   4.91867258e-01]
 [  9.99286595e-01   7.13405213e-04]
 [  3.03392105e-01   6.96607895e-01]
 [  4.12401964e-01   5.87598036e-01]
 [  2.89997305e-01   7.10002695e-01]
 [  4.02497416e-01   5.97502584e-01]
 [  3.11048258e-01   6.88951742e-01]
 [  4.36120774e-01   5.63879226e-01]
 [  4.64596977e-01   5.35403023e-01]
 [  4.21522402e-01   5.78477598e-01]
 [  2.15965977e-01   7.84034023e-01]
 [  3.88631336e-01   6.11368664e-01]
 [  8.36313642e-01   1.63686358e-01]
 [  3.01302459e-01   6.98697541e-01]
 [  4.42835074e-01   5.57164926e-01]
 [  7.86850795e-01   2.13149205e-01]
 [  4.31738158e-01   5.68261842e-01]
 [  5.73449113e-01   4.26550887e-01]
 [  6.51923823e-01   3.48076177e-01]
 [  8.73657715e-01   1.26342285e-01]
 [  5.25606237e-01   4.74393763e-01]
 [  3.50098905e-01   6.49901095e-01]
 [  1.07417204e-01   8.92582796e-01]
 [  5.95418559e-01   4.04581441e-01]
 [  2.98918936e-02   9.70108106e-01]
 [  6.84476196e-01   3.15523804e-01]
 [  8.01227763e-01   1.98772237e-01]
 [  7.12625546e-01   2.87374454e-01]
 [  4.71910427e-01   5.28089573e-01]
 [  5.27732554e-01   4.72267446e-01]
 [  4.78887470e-01   5.21112530e-01]
 [  3.41506640e-03   9.96584934e-01]
 [  1.94937928e-02   9.80506207e-01]
 [  4.87258160e-01   5.12741840e-01]
 [  1.11580083e-01   8.88419917e-01]
 [  4.28215821e-01   5.71784179e-01]
 [  5.54204552e-01   4.45795448e-01]
 [  4.79849284e-01   5.20150716e-01]
 [  4.66562657e-01   5.33437343e-01]
 [  4.28215821e-01   5.71784179e-01]
 [  4.28256738e-01   5.71743262e-01]
 [  7.06312931e-01   2.93687069e-01]
 [  3.30813251e-01   6.69186749e-01]
 [  3.89971068e-01   6.10028932e-01]
 [  4.50382915e-01   5.49617085e-01]
 [  6.29523214e-01   3.70476786e-01]
 [  4.97917547e-01   5.02082453e-01]
 [  3.29908483e-01   6.70091517e-01]
 [  5.20400768e-01   4.79599232e-01]
 [  6.09379815e-01   3.90620185e-01]
 [  5.04053334e-01   4.95946666e-01]
 [  5.49918485e-01   4.50081515e-01]
 [  2.67563428e-01   7.32436572e-01]
 [  5.55050137e-01   4.44949863e-01]
 [  6.47924123e-01   3.52075877e-01]
 [  2.77088674e-01   7.22911326e-01]
 [  4.60257851e-01   5.39742149e-01]
 [  4.99851293e-01   5.00148707e-01]
 [  5.19455810e-01   4.80544190e-01]
 [  5.20542656e-01   4.79457344e-01]
 [  5.31247661e-01   4.68752339e-01]
 [  5.04265721e-01   4.95734279e-01]
 [  5.77613195e-01   4.22386805e-01]
 [  4.53356179e-01   5.46643821e-01]
 [  5.57926216e-01   4.42073784e-01]
 [  7.15268635e-01   2.84731365e-01]
 [  5.69787713e-01   4.30212287e-01]
 [  5.31015905e-01   4.68984095e-01]
 [  4.94624187e-01   5.05375813e-01]
 [  4.89630181e-01   5.10369819e-01]
 [  4.30024137e-01   5.69975863e-01]
 [  5.46501203e-01   4.53498797e-01]
 [  5.97995242e-01   4.02004758e-01]
 [  7.10225954e-01   2.89774046e-01]
 [  5.39492588e-01   4.60507412e-01]
 [  5.03446959e-01   4.96553041e-01]]
N above threshold: 4
[1 1 1 1 1 0 1 1 0 1 0 0 0 0 1 1 0 1 0 0 0 1 0 1 1 1 1 1 1 0 1 1 1 1 0 1 1
 1 0 0 1 0 0 0 0 1 0 0 1 1 0 0 0 0 0 0 1 0 0 0 0 1 0 1 0 0 0 0 0]
[[ 0.34434104  0.65565896]
 [ 0.45076062  0.54923938]
 [ 0.34989529  0.65010471]
 [ 0.23091241  0.76908759]
 [ 0.39258385  0.60741615]
 [ 0.81825189  0.18174811]
 [ 0.30895948  0.69104052]
 [ 0.44853528  0.55146472]
 [ 0.76985366  0.23014634]
 [ 0.43714788  0.56285212]
 [ 0.5748867   0.4251133 ]
 [ 0.63769553  0.36230447]
 [ 0.85759153  0.14240847]
 [ 0.53719889  0.46280111]
 [ 0.1505833   0.8494167 ]
 [ 0.11950132  0.88049868]
 [ 0.5912737   0.4087263 ]
 [ 0.03195734  0.96804266]
 [ 0.67508706  0.32491294]
 [ 0.78352329  0.21647671]
 [ 0.70804852  0.29195148]
 [ 0.47826113  0.52173887]
 [ 0.53338821  0.46661179]
 [ 0.48217715  0.51782285]
 [ 0.0043509   0.9956491 ]
 [ 0.02226669  0.97773331]
 [ 0.49821488  0.50178512]
 [ 0.13114541  0.86885459]
 [ 0.43241531  0.56758469]
 [ 0.56678223  0.43321777]
 [ 0.48477076  0.51522924]
 [ 0.47369691  0.52630309]
 [ 0.43241531  0.56758469]
 [ 0.43201101  0.56798899]
 [ 0.69476148  0.30523852]
 [ 0.2831534   0.7168466 ]
 [ 0.3933639   0.6066361 ]
 [ 0.45458991  0.54541009]
 [ 0.61502159  0.38497841]
 [ 0.50922262  0.49077738]
 [ 0.34948169  0.65051831]
 [ 0.5344144   0.4655856 ]
 [ 0.61149364  0.38850636]
 [ 0.51080302  0.48919698]
 [ 0.57876987  0.42123013]
 [ 0.28832409  0.71167591]
 [ 0.56202179  0.43797821]
 [ 0.63899822  0.36100178]
 [ 0.29732108  0.70267892]
 [ 0.47384499  0.52615501]
 [ 0.50810406  0.49189594]
 [ 0.53314134  0.46685866]
 [ 0.53394955  0.46605045]
 [ 0.55680372  0.44319628]
 [ 0.51328757  0.48671243]
 [ 0.57842733  0.42157267]
 [ 0.36162549  0.63837451]
 [ 0.56224017  0.43775983]
 [ 0.69882396  0.30117604]
 [ 0.59144782  0.40855218]
 [ 0.50969362  0.49030638]
 [ 0.4983149   0.5016851 ]
 [ 0.50016674  0.49983326]
 [ 0.43463065  0.56536935]
 [ 0.56230367  0.43769633]
 [ 0.60359163  0.39640837]
 [ 0.71661787  0.28338213]
 [ 0.55866169  0.44133831]
 [ 0.51643181  0.48356819]]
N above threshold: 3
[1 1 0 0 0 1 0 0 0 0 1 0 0 1 0 0 0 0 0 0 0 1 0 0 0 0 0 0 0 0 0 0 0 0]
[[  4.53999287e-05   9.99954600e-01]
 [  6.87300755e-10   9.99999999e-01]
 [  9.99999998e-01   2.06106008e-09]
 [  9.99999999e-01   6.87186376e-10]
 [  9.99999998e-01   2.06106010e-09]
 [  2.26999650e-05   9.99977300e-01]
 [  9.99999996e-01   4.12183947e-09]
 [  1.00000000e+00   9.35847266e-14]
 [  9.99999998e-01   2.06106009e-09]
 [  1.00000000e+00   9.35847262e-14]
 [  6.87175974e-10   9.99999999e-01]
 [  9.99999999e-01   1.03062361e-09]
 [  1.00000000e+00   1.40379214e-13]
 [  9.35889736e-14   1.00000000e+00]
 [  9.99999999e-01   1.03064701e-09]
 [  9.99999998e-01   2.06115366e-09]
 [  9.99999998e-01   2.06096655e-09]
 [  6.66701974e-01   3.33298026e-01]
 [  1.00000000e+00   9.35804782e-14]
 [  9.99999999e-01   1.03064701e-09]
 [  9.99999999e-01   5.15341049e-10]
 [  4.54061124e-05   9.99954594e-01]
 [  9.99999999e-01   1.03067039e-09]
 [  1.00000000e+00   9.35932237e-14]
 [  1.00000000e+00   4.12298106e-10]
 [  9.99954610e-01   4.53896267e-05]
 [  9.99977303e-01   2.26973889e-05]
 [  5.00068092e-01   4.99931908e-01]
 [  9.99999998e-01   2.06106010e-09]
 [  1.00000000e+00   9.35847266e-14]
 [  1.00000000e+00   9.35847260e-14]
 [  9.99999998e-01   2.06129397e-09]
 [  9.99909216e-01   9.07844025e-05]
 [  9.99999998e-01   2.06106010e-09]]
N above threshold: 32

###############
04-KatyPerry-CevxZvSJLk8

[0 0 0 0 0 1 0 0 0 0 0 0 0 0 0 0 0 0 1 0 0 1 0 0 1 0 0 0 0 0 0 0 0 0 1 1 1
 1 0 0 0 0 0 0 0 0 0 0 1 0 0 0 0 0 1 0 0 1 1 0 0 0 0 0 0 1 0 1 0 0 0 1 1 0
 1 1 0 1 0 0 1 0 0 0 1 0 1 0 0 0 0 0 0 0 0 1 0 0 1 0 0 1 0 0 0 0 0 0 0 0 0
 0 1 0 0 0 1 0 0 1 1 1 0 0 0 0 0 0 0 0 0 0 0 0 1 0 0 0 0]
[[  7.14729499e-01   2.85270501e-01]
 [  6.36551224e-01   3.63448776e-01]
 [  5.77574789e-01   4.22425211e-01]
 [  5.73287143e-01   4.26712857e-01]
 [  6.30588205e-01   3.69411795e-01]
 [  2.82865829e-02   9.71713417e-01]
 [  6.26735892e-01   3.73264108e-01]
 [  8.03353844e-01   1.96646156e-01]
 [  7.58708144e-01   2.41291856e-01]
 [  6.35790222e-01   3.64209778e-01]
 [  6.89110985e-01   3.10889015e-01]
 [  5.00010152e-01   4.99989848e-01]
 [  7.16732365e-01   2.83267635e-01]
 [  7.18063534e-01   2.81936466e-01]
 [  6.20356467e-01   3.79643533e-01]
 [  5.97007250e-01   4.02992750e-01]
 [  6.15566911e-01   3.84433089e-01]
 [  5.82429123e-01   4.17570877e-01]
 [  4.78344285e-01   5.21655715e-01]
 [  6.27329290e-01   3.72670710e-01]
 [  5.77574789e-01   4.22425211e-01]
 [  4.84483969e-01   5.15516031e-01]
 [  5.90754054e-01   4.09245946e-01]
 [  6.40435966e-01   3.59564034e-01]
 [  4.86996473e-01   5.13003527e-01]
 [  5.07184946e-01   4.92815054e-01]
 [  7.09490341e-01   2.90509659e-01]
 [  5.24733059e-01   4.75266941e-01]
 [  6.34013830e-01   3.65986170e-01]
 [  7.33546745e-01   2.66453255e-01]
 [  5.30250488e-01   4.69749512e-01]
 [  5.31287652e-01   4.68712348e-01]
 [  5.10065310e-01   4.89934690e-01]
 [  9.29110481e-01   7.08895188e-02]
 [  2.54727945e-01   7.45272055e-01]
 [  4.20216119e-01   5.79783881e-01]
 [  3.49391376e-01   6.50608624e-01]
 [  4.51151995e-01   5.48848005e-01]
 [  6.40528293e-01   3.59471707e-01]
 [  5.44665656e-01   4.55334344e-01]
 [  7.78085742e-01   2.21914258e-01]
 [  6.40061944e-01   3.59938056e-01]
 [  5.97747900e-01   4.02252100e-01]
 [  6.00144293e-01   3.99855707e-01]
 [  6.13114240e-01   3.86885760e-01]
 [  5.94883266e-01   4.05116734e-01]
 [  5.54291730e-01   4.45708270e-01]
 [  6.18295114e-01   3.81704886e-01]
 [  1.80699059e-01   8.19300941e-01]
 [  6.42127384e-01   3.57872616e-01]
 [  6.07622543e-01   3.92377457e-01]
 [  5.82235927e-01   4.17764073e-01]
 [  5.67718025e-01   4.32281975e-01]
 [  6.55746718e-01   3.44253282e-01]
 [  6.61119424e-05   9.99933888e-01]
 [  6.82903087e-01   3.17096913e-01]
 [  5.34719780e-01   4.65280220e-01]
 [  4.97539364e-01   5.02460636e-01]
 [  4.71966687e-01   5.28033313e-01]
 [  6.52375121e-01   3.47624879e-01]
 [  6.04526840e-01   3.95473160e-01]
 [  6.52363710e-01   3.47636290e-01]
 [  6.10312892e-01   3.89687108e-01]
 [  5.77578196e-01   4.22421804e-01]
 [  6.42642752e-01   3.57357248e-01]
 [  8.59692281e-04   9.99140308e-01]
 [  5.76892409e-01   4.23107591e-01]
 [  4.72564863e-01   5.27435137e-01]
 [  5.24470790e-01   4.75529210e-01]
 [  5.93772629e-01   4.06227371e-01]
 [  6.71663736e-01   3.28336264e-01]
 [  3.99028966e-01   6.00971034e-01]
 [  4.91287739e-01   5.08712261e-01]
 [  5.88001103e-01   4.11998897e-01]
 [  4.72535172e-01   5.27464828e-01]
 [  3.61072562e-01   6.38927438e-01]
 [  5.79386259e-01   4.20613741e-01]
 [  1.34715073e-16   1.00000000e+00]
 [  6.74404996e-01   3.25595004e-01]
 [  7.18347362e-01   2.81652638e-01]
 [  3.22668425e-01   6.77331575e-01]
 [  9.99578471e-01   4.21529488e-04]
 [  6.92281047e-01   3.07718953e-01]
 [  7.17036054e-01   2.82963946e-01]
 [  4.91033313e-01   5.08966687e-01]
 [  6.31004298e-01   3.68995702e-01]
 [  1.87323771e-01   8.12676229e-01]
 [  7.94844293e-01   2.05155707e-01]
 [  6.31365798e-01   3.68634202e-01]
 [  5.97452992e-01   4.02547008e-01]
 [  6.09276545e-01   3.90723455e-01]
 [  7.05915765e-01   2.94084235e-01]
 [  6.26215505e-01   3.73784495e-01]
 [  6.97524352e-01   3.02475648e-01]
 [  7.24174426e-01   2.75825574e-01]
 [  4.99516160e-01   5.00483840e-01]
 [  7.44750374e-01   2.55249626e-01]
 [  6.10472843e-01   3.89527157e-01]
 [  4.53858739e-01   5.46141261e-01]
 [  6.50409909e-01   3.49590091e-01]
 [  6.06093507e-01   3.93906493e-01]
 [  9.92529816e-02   9.00747018e-01]
 [  6.26479452e-01   3.73520548e-01]
 [  6.25038266e-01   3.74961734e-01]
 [  5.36131008e-01   4.63868992e-01]
 [  5.02893011e-01   4.97106989e-01]
 [  6.31004298e-01   3.68995702e-01]
 [  7.46718352e-01   2.53281648e-01]
 [  5.87201696e-01   4.12798304e-01]
 [  7.90586591e-01   2.09413409e-01]
 [  5.44769082e-01   4.55230918e-01]
 [  6.26051438e-01   3.73948562e-01]
 [  4.80573697e-01   5.19426303e-01]
 [  6.87798157e-01   3.12201843e-01]
 [  9.97099134e-01   2.90086615e-03]
 [  5.83438198e-01   4.16561802e-01]
 [  4.80824328e-01   5.19175672e-01]
 [  7.00809448e-01   2.99190552e-01]
 [  6.12455694e-01   3.87544306e-01]
 [  4.12116643e-01   5.87883357e-01]
 [  1.51582810e-01   8.48417190e-01]
 [  4.04227750e-01   5.95772250e-01]
 [  6.61101805e-01   3.38898195e-01]
 [  5.90896856e-01   4.09103144e-01]
 [  5.84805311e-01   4.15194689e-01]
 [  6.47177153e-01   3.52822847e-01]
 [  5.42847960e-01   4.57152040e-01]
 [  9.52328434e-01   4.76715663e-02]
 [  6.53029642e-01   3.46970358e-01]
 [  6.47961116e-01   3.52038884e-01]
 [  5.77115442e-01   4.22884558e-01]
 [  6.82162590e-01   3.17837410e-01]
 [  6.40488168e-01   3.59511832e-01]
 [  6.90785750e-01   3.09214250e-01]
 [  4.98418627e-01   5.01581373e-01]
 [  6.47426163e-01   3.52573837e-01]
 [  6.37537724e-01   3.62462276e-01]
 [  5.94227417e-01   4.05772583e-01]
 [  6.03306983e-01   3.96693017e-01]]
N above threshold: 9
[0 1 1 0 0 0 0 0 0 0 0 0 0 1 0 0 0 0 0 1 0 0 0 1 1 0 0 0 0 0 1 0 1 0 0 0 1
 1 0 1 1 0 1 0 0 1 0 0 0 1 0 1 0 0 0 0 0 0 0 0 1 0 0 1 0 0 1 0 0 0 0 0 0 0
 0 0 0 0 0 0 0 0 0 0 0 1 0 0 0 0 0 0 0 0 0 0 0 0 0 0 0 0 0 0]
[[  5.37271209e-01   4.62728791e-01]
 [  4.68458885e-01   5.31541115e-01]
 [  4.83545274e-01   5.16454726e-01]
 [  7.17090442e-01   2.82909558e-01]
 [  6.57745207e-01   3.42254793e-01]
 [  9.76252022e-01   2.37479785e-02]
 [  7.36264882e-01   2.63735118e-01]
 [  6.75636517e-01   3.24363483e-01]
 [  6.92481620e-01   3.07518380e-01]
 [  6.91022311e-01   3.08977689e-01]
 [  6.80407199e-01   3.19592801e-01]
 [  6.50399543e-01   3.49600457e-01]
 [  7.01694471e-01   2.98305529e-01]
 [  2.69371277e-01   7.30628723e-01]
 [  7.19046345e-01   2.80953655e-01]
 [  6.85682081e-01   3.14317919e-01]
 [  6.70388835e-01   3.29611165e-01]
 [  6.54725702e-01   3.45274298e-01]
 [  7.51969145e-01   2.48030855e-01]
 [  7.22257009e-04   9.99277743e-01]
 [  7.52789200e-01   2.47210800e-01]
 [  6.17572997e-01   3.82427003e-01]
 [  5.85358639e-01   4.14641361e-01]
 [  4.32652684e-01   5.67347316e-01]
 [  2.46206267e-02   9.75379373e-01]
 [  6.88295467e-01   3.11704533e-01]
 [  7.34102767e-01   2.65897233e-01]
 [  6.94550302e-01   3.05449698e-01]
 [  6.62412771e-01   3.37587229e-01]
 [  7.33935592e-01   2.66064408e-01]
 [  1.20205828e-01   8.79794172e-01]
 [  6.61405099e-01   3.38594901e-01]
 [  4.30679999e-01   5.69320001e-01]
 [  5.62895475e-01   4.37104525e-01]
 [  6.76097545e-01   3.23902455e-01]
 [  7.52129150e-01   2.47870850e-01]
 [  4.76809376e-01   5.23190624e-01]
 [  4.67540383e-01   5.32459617e-01]
 [  6.85560810e-01   3.14439190e-01]
 [  4.30949760e-01   5.69050240e-01]
 [  3.82600976e-01   6.17399024e-01]
 [  6.63773372e-01   3.36226628e-01]
 [  2.31096139e-16   1.00000000e+00]
 [  7.47199255e-01   2.52800745e-01]
 [  7.83000786e-01   2.16999214e-01]
 [  3.34796692e-01   6.65203308e-01]
 [  9.99530367e-01   4.69632982e-04]
 [  7.74593736e-01   2.25406264e-01]
 [  7.72061297e-01   2.27938703e-01]
 [  4.52825406e-01   5.47174594e-01]
 [  7.31193104e-01   2.68806896e-01]
 [  2.77719149e-01   7.22280851e-01]
 [  8.67836964e-01   1.32163036e-01]
 [  7.12786587e-01   2.87213413e-01]
 [  9.56267109e-01   4.37328911e-02]
 [  7.01353498e-01   2.98646502e-01]
 [  7.71515888e-01   2.28484112e-01]
 [  7.09751344e-01   2.90248656e-01]
 [  7.72174595e-01   2.27825405e-01]
 [  7.67491834e-01   2.32508166e-01]
 [  4.43847157e-01   5.56152843e-01]
 [  8.18339334e-01   1.81660666e-01]
 [  6.91320413e-01   3.08679587e-01]
 [  4.47134147e-01   5.52865853e-01]
 [  7.31919237e-01   2.68080763e-01]
 [  6.89524014e-01   3.10475986e-01]
 [  1.78906227e-01   8.21093773e-01]
 [  7.15387733e-01   2.84612267e-01]
 [  7.07125723e-01   2.92874277e-01]
 [  6.17321605e-01   3.82678395e-01]
 [  6.07519484e-01   3.92480516e-01]
 [  7.31193104e-01   2.68806896e-01]
 [  7.94619449e-01   2.05380551e-01]
 [  7.08307922e-01   2.91692078e-01]
 [  7.90481852e-01   2.09518148e-01]
 [  6.31354235e-01   3.68645765e-01]
 [  7.06996163e-01   2.93003837e-01]
 [  5.93911851e-01   4.06088149e-01]
 [  7.47389528e-01   2.52610472e-01]
 [  9.96165170e-01   3.83483020e-03]
 [  6.78432544e-01   3.21567456e-01]
 [  5.44813438e-01   4.55186562e-01]
 [  7.69681938e-01   2.30318062e-01]
 [  6.93205194e-01   3.06794806e-01]
 [  5.23444181e-01   4.76555819e-01]
 [  2.25702584e-01   7.74297416e-01]
 [  5.27672417e-01   4.72327583e-01]
 [  7.41159824e-01   2.58840176e-01]
 [  6.82749098e-01   3.17250902e-01]
 [  6.74051639e-01   3.25948361e-01]
 [  7.24216470e-01   2.75783530e-01]
 [  6.30170432e-01   3.69829568e-01]
 [  9.47479687e-01   5.25203126e-02]
 [  7.26841083e-01   2.73158917e-01]
 [  7.25897278e-01   2.74102722e-01]
 [  6.61307866e-01   3.38692134e-01]
 [  8.16159157e-01   1.83840843e-01]
 [  7.16763828e-01   2.83236172e-01]
 [  7.74346973e-01   2.25653027e-01]
 [  5.94515970e-01   4.05484030e-01]
 [  7.96475752e-01   2.03524248e-01]
 [  7.24126001e-01   2.75873999e-01]
 [  6.82755846e-01   3.17244154e-01]
 [  6.84039542e-01   3.15960458e-01]]
N above threshold: 8
[0 0 1 0 1 1 0 1 0 0 1 0 0 0 1 0 1 0 0 0 0 0 0 0 0 1 0 0 1 0 0 1 0 0 0 0 0
 0 0 0 0 0 0 0 0 0 0 0 0 0 1 0 0 0 0 0 0 0 0 0 0 0 0 0 1 0 0 0 0]
[[  7.71473649e-01   2.28526351e-01]
 [  5.13022747e-01   4.86977253e-01]
 [  4.51132343e-01   5.48867657e-01]
 [  7.24288164e-01   2.75711836e-01]
 [  4.50061594e-01   5.49938406e-01]
 [  7.17328306e-02   9.28267169e-01]
 [  6.95869906e-01   3.04130094e-01]
 [  3.67159022e-16   1.00000000e+00]
 [  7.64466056e-01   2.35533944e-01]
 [  8.07638991e-01   1.92361009e-01]
 [  9.88026605e-02   9.01197340e-01]
 [  9.99413585e-01   5.86414814e-04]
 [  8.07408159e-01   1.92591841e-01]
 [  7.90139735e-01   2.09860265e-01]
 [  4.97101068e-01   5.02898932e-01]
 [  7.57558758e-01   2.42441242e-01]
 [  3.25312355e-01   6.74687645e-01]
 [  8.68166241e-01   1.31833759e-01]
 [  7.45428525e-01   2.54571475e-01]
 [  9.93391552e-01   6.60844804e-03]
 [  7.37306890e-01   2.62693110e-01]
 [  7.93133334e-01   2.06866666e-01]
 [  7.36154065e-01   2.63845935e-01]
 [  7.84188103e-01   2.15811897e-01]
 [  8.48501763e-01   1.51498237e-01]
 [  4.90855501e-01   5.09144499e-01]
 [  8.67309303e-01   1.32690697e-01]
 [  7.19282075e-01   2.80717925e-01]
 [  4.96339530e-01   5.03660470e-01]
 [  7.52695153e-01   2.47304847e-01]
 [  7.25503281e-01   2.74496719e-01]
 [  2.55151056e-01   7.44848944e-01]
 [  7.41043437e-01   2.58956563e-01]
 [  7.35544125e-01   2.64455875e-01]
 [  6.44164185e-01   3.55835815e-01]
 [  5.25263575e-01   4.74736425e-01]
 [  7.57558758e-01   2.42441242e-01]
 [  8.05204274e-01   1.94795726e-01]
 [  7.45506664e-01   2.54493336e-01]
 [  7.90465597e-01   2.09534403e-01]
 [  6.61654059e-01   3.38345941e-01]
 [  7.36803510e-01   2.63196490e-01]
 [  8.10113083e-01   1.89886917e-01]
 [  7.60266758e-01   2.39733242e-01]
 [  9.94988432e-01   5.01156804e-03]
 [  7.10663737e-01   2.89336263e-01]
 [  5.42585861e-01   4.57414139e-01]
 [  7.83784679e-01   2.16215321e-01]
 [  7.20981298e-01   2.79018702e-01]
 [  5.67717190e-01   4.32282810e-01]
 [  2.60269999e-01   7.39730001e-01]
 [  5.66628028e-01   4.33371972e-01]
 [  7.59851002e-01   2.40148998e-01]
 [  7.13677362e-01   2.86322638e-01]
 [  7.04445754e-01   2.95554246e-01]
 [  7.45143544e-01   2.54856456e-01]
 [  6.43815829e-01   3.56184171e-01]
 [  9.33507430e-01   6.64925695e-02]
 [  7.47368725e-01   2.52631275e-01]
 [  7.50584163e-01   2.49415837e-01]
 [  6.92809907e-01   3.07190093e-01]
 [  8.29726335e-01   1.70273665e-01]
 [  7.42390598e-01   2.57609402e-01]
 [  7.88236705e-01   2.11763295e-01]
 [  3.73637659e-01   6.26362341e-01]
 [  8.04757891e-01   1.95242109e-01]
 [  7.50254770e-01   2.49745230e-01]
 [  7.13372375e-01   2.86627625e-01]
 [  7.12963554e-01   2.87036446e-01]]
N above threshold: 7
[0 0 0 0 0 0 0 0 0 0 0 0 0 0 0 1 0 0 0 0 0 0 0 0 0 0 0 0 0 1 0 0 0 0]
[[ 0.54681182  0.45318818]
 [ 0.98364942  0.01635058]
 [ 0.81025431  0.18974569]
 [ 0.78224114  0.21775886]
 [ 0.79045726  0.20954274]
 [ 0.66407842  0.33592158]
 [ 0.7547044   0.2452956 ]
 [ 0.8089211   0.1910789 ]
 [ 0.77069869  0.22930131]
 [ 0.99483316  0.00516684]
 [ 0.73346627  0.26653373]
 [ 0.53979233  0.46020767]
 [ 0.79364311  0.20635689]
 [ 0.73805223  0.26194777]
 [ 0.55135421  0.44864579]
 [ 0.15797682  0.84202318]
 [ 0.58513953  0.41486047]
 [ 0.76777733  0.23222267]
 [ 0.73295305  0.26704695]
 [ 0.71201795  0.28798205]
 [ 0.75454417  0.24545583]
 [ 0.65244362  0.34755638]
 [ 0.9345526   0.0654474 ]
 [ 0.76026007  0.23973993]
 [ 0.75801053  0.24198947]
 [ 0.70314234  0.29685766]
 [ 0.88583085  0.11416915]
 [ 0.75888607  0.24111393]
 [ 0.80818015  0.19181985]
 [ 0.39122305  0.60877695]
 [ 0.81075846  0.18924154]
 [ 0.76867922  0.23132078]
 [ 0.72392702  0.27607298]
 [ 0.72851013  0.27148987]]
N above threshold: 3

###############
07-LMFAO-KQ6zr6kCPj8

[0 0 0 0 0 0 0 0 0 1 0 0 1 0 0 0 0 0 0 0 0 0 0 0 0 0 0 0 0 0 0 0 0 0 0 0 0
 0 1 0 0 0 0 0 0 0 0 0 0 0 0 0 0 0 0 0 1 0 0 0 0 0 0 0 0 0 1 0 0 0 0 0 0 0
 0 1 1 1 0 0 0 0 0 1 1 1 0 0 0 1 1 0 0 1 0 1 1 1 1 1 1 0 1 1 1 1 1 1 1 1 1
 1 0 0 1 1 0 1 0 0 0 0 0 0 1 0 1 1 1 0 1 0 0 1 1 1 0 1 1 0 1 0 1 0 0 0 1 1
 0 0 1 0 0 1 0 1 0 0 1 1 1 1 0 1 1 1 1 1 1 0 1 0 1 0 1]
[[  9.50233964e-01   4.97660359e-02]
 [  9.62919938e-01   3.70800623e-02]
 [  9.53731496e-01   4.62685041e-02]
 [  9.63806514e-01   3.61934857e-02]
 [  9.65659711e-01   3.43402890e-02]
 [  9.57958424e-01   4.20415761e-02]
 [  9.62935368e-01   3.70646321e-02]
 [  9.36035100e-01   6.39649001e-02]
 [  9.50233964e-01   4.97660359e-02]
 [  1.09453472e-01   8.90546528e-01]
 [  9.58175987e-01   4.18240125e-02]
 [  9.68629754e-01   3.13702460e-02]
 [  3.37427907e-01   6.62572093e-01]
 [  9.48575287e-01   5.14247135e-02]
 [  9.48872152e-01   5.11278482e-02]
 [  7.21923372e-01   2.78076628e-01]
 [  9.53188593e-01   4.68114075e-02]
 [  9.53188593e-01   4.68114075e-02]
 [  9.16609165e-01   8.33908353e-02]
 [  9.54212728e-01   4.57872720e-02]
 [  9.65743999e-01   3.42560010e-02]
 [  9.62500126e-01   3.74998736e-02]
 [  9.70504200e-01   2.94957999e-02]
 [  9.62137128e-01   3.78628724e-02]
 [  9.61244786e-01   3.87552137e-02]
 [  9.50676635e-01   4.93233654e-02]
 [  9.51873535e-01   4.81264649e-02]
 [  9.43060113e-01   5.69398872e-02]
 [  9.51793020e-01   4.82069803e-02]
 [  9.49138050e-01   5.08619496e-02]
 [  9.61051954e-01   3.89480459e-02]
 [  9.50471120e-01   4.95288805e-02]
 [  9.58741983e-01   4.12580170e-02]
 [  9.70733276e-01   2.92667245e-02]
 [  9.58810315e-01   4.11896847e-02]
 [  9.56725239e-01   4.32747607e-02]
 [  9.54055767e-01   4.59442330e-02]
 [  9.65335509e-01   3.46644911e-02]
 [  1.90914671e-01   8.09085329e-01]
 [  9.66300690e-01   3.36993101e-02]
 [  9.52380570e-01   4.76194297e-02]
 [  9.51108589e-01   4.88914112e-02]
 [  9.67876043e-01   3.21239566e-02]
 [  9.63567761e-01   3.64322390e-02]
 [  9.55591342e-01   4.44086575e-02]
 [  9.54146969e-01   4.58530306e-02]
 [  9.51681421e-01   4.83185793e-02]
 [  9.49166930e-01   5.08330698e-02]
 [  9.63145312e-01   3.68546880e-02]
 [  9.54098504e-01   4.59014963e-02]
 [  5.34535737e-01   4.65464263e-01]
 [  9.34806723e-01   6.51932766e-02]
 [  9.33039087e-01   6.69609131e-02]
 [  9.62170428e-01   3.78295722e-02]
 [  9.69022056e-01   3.09779437e-02]
 [  9.63374014e-01   3.66259859e-02]
 [  1.90914671e-01   8.09085329e-01]
 [  9.58028793e-01   4.19712065e-02]
 [  9.50373851e-01   4.96261492e-02]
 [  9.49138050e-01   5.08619496e-02]
 [  9.54575035e-01   4.54249647e-02]
 [  9.60474018e-01   3.95259824e-02]
 [  9.65577351e-01   3.44226493e-02]
 [  9.65287753e-01   3.47122472e-02]
 [  9.51623121e-01   4.83768787e-02]
 [  9.53859801e-01   4.61401988e-02]
 [  6.32501028e-02   9.36749897e-01]
 [  9.51534673e-01   4.84653267e-02]
 [  9.48575287e-01   5.14247135e-02]
 [  9.47914206e-01   5.20857935e-02]
 [  9.48575287e-01   5.14247135e-02]
 [  9.49070942e-01   5.09290577e-02]
 [  9.57260338e-01   4.27396624e-02]
 [  9.50936353e-01   4.90636469e-02]
 [  9.60910202e-01   3.90897981e-02]
 [  1.90914671e-01   8.09085329e-01]
 [  2.01736700e-01   7.98263300e-01]
 [  1.90914671e-01   8.09085329e-01]
 [  9.51353730e-01   4.86462695e-02]
 [  9.54066332e-01   4.59336679e-02]
 [  9.48723192e-01   5.12768080e-02]
 [  9.96893843e-01   3.10615707e-03]
 [  9.54773254e-01   4.52267461e-02]
 [  2.01736700e-01   7.98263300e-01]
 [  1.18877710e-01   8.81122290e-01]
 [  1.90914671e-01   8.09085329e-01]
 [  9.64181633e-01   3.58183670e-02]
 [  9.50252484e-01   4.97475162e-02]
 [  9.64249016e-01   3.57509842e-02]
 [  1.90914671e-01   8.09085329e-01]
 [  1.90914671e-01   8.09085329e-01]
 [  9.31327867e-01   6.86721333e-02]
 [  9.64432061e-01   3.55679385e-02]
 [  1.90914671e-01   8.09085329e-01]
 [  9.57781150e-01   4.22188503e-02]
 [  1.90914671e-01   8.09085329e-01]
 [  2.01736700e-01   7.98263300e-01]
 [  1.90914671e-01   8.09085329e-01]
 [  1.90914671e-01   8.09085329e-01]
 [  1.90914671e-01   8.09085329e-01]
 [  1.90808389e-01   8.09191611e-01]
 [  9.99675352e-01   3.24648362e-04]
 [  1.90914671e-01   8.09085329e-01]
 [  1.90914671e-01   8.09085329e-01]
 [  1.90914671e-01   8.09085329e-01]
 [  1.25421521e-01   8.74578479e-01]
 [  1.90914671e-01   8.09085329e-01]
 [  1.86408091e-01   8.13591909e-01]
 [  1.90914671e-01   8.09085329e-01]
 [  1.90914671e-01   8.09085329e-01]
 [  1.90914671e-01   8.09085329e-01]
 [  4.89548398e-02   9.51045160e-01]
 [  9.62866257e-01   3.71337426e-02]
 [  9.38675535e-01   6.13244648e-02]
 [  1.90914671e-01   8.09085329e-01]
 [  1.90914671e-01   8.09085329e-01]
 [  9.62747047e-01   3.72529530e-02]
 [  1.90914671e-01   8.09085329e-01]
 [  9.59235315e-01   4.07646854e-02]
 [  9.77953548e-01   2.20464519e-02]
 [  8.87006767e-01   1.12993233e-01]
 [  9.53347996e-01   4.66520037e-02]
 [  9.72822547e-01   2.71774531e-02]
 [  9.65097162e-01   3.49028380e-02]
 [  1.90783885e-01   8.09216115e-01]
 [  9.68356110e-01   3.16438905e-02]
 [  2.01736700e-01   7.98263300e-01]
 [  1.90914671e-01   8.09085329e-01]
 [  2.01736700e-01   7.98263300e-01]
 [  9.56643031e-01   4.33569690e-02]
 [  3.31466863e-01   6.68533137e-01]
 [  9.68389143e-01   3.16108569e-02]
 [  9.27858802e-01   7.21411976e-02]
 [  1.86408091e-01   8.13591909e-01]
 [  2.01736700e-01   7.98263300e-01]
 [  4.89669768e-02   9.51033023e-01]
 [  9.64241489e-01   3.57585115e-02]
 [  6.34926299e-02   9.36507370e-01]
 [  1.90914671e-01   8.09085329e-01]
 [  9.31563484e-01   6.84365155e-02]
 [  1.90914671e-01   8.09085329e-01]
 [  9.42314370e-01   5.76856296e-02]
 [  2.01736700e-01   7.98263300e-01]
 [  9.51796085e-01   4.82039150e-02]
 [  9.32660299e-01   6.73397013e-02]
 [  5.73768014e-01   4.26231986e-01]
 [  2.01736700e-01   7.98263300e-01]
 [  2.01910463e-01   7.98089537e-01]
 [  9.66995661e-01   3.30043389e-02]
 [  9.67313306e-01   3.26866944e-02]
 [  2.01736700e-01   7.98263300e-01]
 [  9.25988982e-01   7.40110184e-02]
 [  9.49162710e-01   5.08372903e-02]
 [  1.90914671e-01   8.09085329e-01]
 [  9.34373788e-01   6.56262122e-02]
 [  1.90914671e-01   8.09085329e-01]
 [  9.54966330e-01   4.50336698e-02]
 [  9.58805598e-01   4.11944016e-02]
 [  1.90914671e-01   8.09085329e-01]
 [  2.01736700e-01   7.98263300e-01]
 [  9.01991351e-02   9.09800865e-01]
 [  1.87859653e-01   8.12140347e-01]
 [  9.50348558e-01   4.96514420e-02]
 [  1.90914671e-01   8.09085329e-01]
 [  1.90914671e-01   8.09085329e-01]
 [  1.90914671e-01   8.09085329e-01]
 [  2.01736700e-01   7.98263300e-01]
 [  2.01736700e-01   7.98263300e-01]
 [  1.90914671e-01   8.09085329e-01]
 [  9.66341841e-01   3.36581593e-02]
 [  1.90914671e-01   8.09085329e-01]
 [  9.66471235e-01   3.35287649e-02]
 [  2.01736700e-01   7.98263300e-01]
 [  9.56643031e-01   4.33569690e-02]
 [  4.88186490e-02   9.51181351e-01]]
N above threshold: 114
[0 0 0 0 0 0 1 0 0 0 0 0 1 0 0 0 0 0 0 0 0 0 1 0 0 0 0 0 0 0 0 1 1 1 0 0 0
 0 0 1 1 1 0 0 0 1 1 0 0 1 0 1 1 1 1 1 1 0 1 1 1 1 1 1 1 1 1 1 0 0 1 1 0 1
 0 0 0 0 0 0 1 0 1 1 1 0 1 0 0 1 1 1 0 1 1 0 1 0 1 0 0 0 1 1 0 0 1 0 0 1 0
 1 0 0 1 1 1 1 0 1 1 1 1 1 1 0 1 0 1 0 1]
[[  9.57025282e-01   4.29747181e-02]
 [  9.55278952e-01   4.47210479e-02]
 [  9.53026462e-01   4.69735385e-02]
 [  9.50468694e-01   4.95313063e-02]
 [  9.66003507e-01   3.39964925e-02]
 [  9.55486382e-01   4.45136177e-02]
 [  3.91883130e-01   6.08116870e-01]
 [  9.35676539e-01   6.43234611e-02]
 [  9.33655473e-01   6.63445270e-02]
 [  9.60938962e-01   3.90610381e-02]
 [  9.70529383e-01   2.94706170e-02]
 [  9.64981873e-01   3.50181267e-02]
 [  1.89535940e-01   8.10464060e-01]
 [  9.59782999e-01   4.02170013e-02]
 [  9.51692135e-01   4.83078651e-02]
 [  9.50439043e-01   4.95609568e-02]
 [  9.55316913e-01   4.46830868e-02]
 [  9.61525634e-01   3.84743663e-02]
 [  9.67096290e-01   3.29037100e-02]
 [  9.67128261e-01   3.28717392e-02]
 [  9.52664547e-01   4.73354535e-02]
 [  9.55260265e-01   4.47397346e-02]
 [  6.49662363e-02   9.35033764e-01]
 [  9.52611938e-01   4.73880616e-02]
 [  9.49871216e-01   5.01287840e-02]
 [  9.49204213e-01   5.07957872e-02]
 [  9.49871216e-01   5.01287840e-02]
 [  9.50384758e-01   4.96152424e-02]
 [  9.58767355e-01   4.12326452e-02]
 [  9.52263312e-01   4.77366884e-02]
 [  9.55422641e-01   4.45773585e-02]
 [  1.89535940e-01   8.10464060e-01]
 [  2.00362072e-01   7.99637928e-01]
 [  1.89535940e-01   8.10464060e-01]
 [  9.52696931e-01   4.73030692e-02]
 [  9.55453330e-01   4.45466696e-02]
 [  9.52098236e-01   4.79017643e-02]
 [  9.96651500e-01   3.34849958e-03]
 [  9.60593489e-01   3.94065109e-02]
 [  2.00362072e-01   7.99637928e-01]
 [  1.18942625e-01   8.81057375e-01]
 [  1.89535940e-01   8.10464060e-01]
 [  9.66378804e-01   3.36211956e-02]
 [  9.51564722e-01   4.84352778e-02]
 [  9.66154507e-01   3.38454926e-02]
 [  1.89535940e-01   8.10464060e-01]
 [  1.89535940e-01   8.10464060e-01]
 [  9.38794222e-01   6.12057778e-02]
 [  9.65197738e-01   3.48022618e-02]
 [  1.89535940e-01   8.10464060e-01]
 [  9.59127696e-01   4.08723040e-02]
 [  1.89535940e-01   8.10464060e-01]
 [  2.00362072e-01   7.99637928e-01]
 [  1.89535940e-01   8.10464060e-01]
 [  1.89535940e-01   8.10464060e-01]
 [  1.89535940e-01   8.10464060e-01]
 [  1.89429571e-01   8.10570429e-01]
 [  9.99607019e-01   3.92980532e-04]
 [  1.89535940e-01   8.10464060e-01]
 [  1.89535940e-01   8.10464060e-01]
 [  1.89535940e-01   8.10464060e-01]
 [  1.25313054e-01   8.74686946e-01]
 [  1.89535940e-01   8.10464060e-01]
 [  1.85075626e-01   8.14924374e-01]
 [  1.89535940e-01   8.10464060e-01]
 [  1.89535940e-01   8.10464060e-01]
 [  1.89535940e-01   8.10464060e-01]
 [  5.10596012e-02   9.48940399e-01]
 [  9.64583644e-01   3.54163556e-02]
 [  9.40977046e-01   5.90229537e-02]
 [  1.89535940e-01   8.10464060e-01]
 [  1.89535940e-01   8.10464060e-01]
 [  9.64940653e-01   3.50593467e-02]
 [  1.89535940e-01   8.10464060e-01]
 [  9.60814977e-01   3.91850230e-02]
 [  9.81561380e-01   1.84386202e-02]
 [  8.88177125e-01   1.11822875e-01]
 [  9.54733282e-01   4.52667183e-02]
 [  9.73954883e-01   2.60451170e-02]
 [  9.67464437e-01   3.25355628e-02]
 [  1.89403637e-01   8.10596363e-01]
 [  9.70567276e-01   2.94327245e-02]
 [  2.00362072e-01   7.99637928e-01]
 [  1.89535940e-01   8.10464060e-01]
 [  2.00362072e-01   7.99637928e-01]
 [  9.57901382e-01   4.20986179e-02]
 [  3.24963367e-01   6.75036633e-01]
 [  9.70372805e-01   2.96271953e-02]
 [  9.29459252e-01   7.05407480e-02]
 [  1.85075626e-01   8.14924374e-01]
 [  2.00362072e-01   7.99637928e-01]
 [  5.10713696e-02   9.48928630e-01]
 [  9.56146494e-01   4.38535061e-02]
 [  6.51992279e-02   9.34800772e-01]
 [  1.89535940e-01   8.10464060e-01]
 [  9.26540076e-01   7.34599237e-02]
 [  1.89535940e-01   8.10464060e-01]
 [  9.43217028e-01   5.67829715e-02]
 [  2.00362072e-01   7.99637928e-01]
 [  9.52876964e-01   4.71230358e-02]
 [  9.31095507e-01   6.89044927e-02]
 [  5.77199369e-01   4.22800631e-01]
 [  2.00362072e-01   7.99637928e-01]
 [  2.00535058e-01   7.99464942e-01]
 [  9.68571962e-01   3.14280382e-02]
 [  9.66575394e-01   3.34246062e-02]
 [  2.00362072e-01   7.99637928e-01]
 [  9.28463248e-01   7.15367515e-02]
 [  9.50463212e-01   4.95367875e-02]
 [  1.89535940e-01   8.10464060e-01]
 [  9.34889828e-01   6.51101720e-02]
 [  1.89535940e-01   8.10464060e-01]
 [  9.56371875e-01   4.36281253e-02]
 [  9.60416353e-01   3.95836465e-02]
 [  1.89535940e-01   8.10464060e-01]
 [  2.00362072e-01   7.99637928e-01]
 [  9.10406359e-02   9.08959364e-01]
 [  1.86495900e-01   8.13504100e-01]
 [  9.56459291e-01   4.35407088e-02]
 [  1.89535940e-01   8.10464060e-01]
 [  1.89535940e-01   8.10464060e-01]
 [  1.89535940e-01   8.10464060e-01]
 [  2.00362072e-01   7.99637928e-01]
 [  2.00362072e-01   7.99637928e-01]
 [  1.89535940e-01   8.10464060e-01]
 [  9.68341083e-01   3.16589169e-02]
 [  1.89535940e-01   8.10464060e-01]
 [  9.68618802e-01   3.13811975e-02]
 [  2.00362072e-01   7.99637928e-01]
 [  9.57901382e-01   4.20986179e-02]
 [  5.09275865e-02   9.49072414e-01]]
N above threshold: 74
[0 1 1 0 0 1 0 1 1 1 1 1 1 0 1 1 1 1 1 1 1 1 1 0 0 0 1 1 0 1 0 0 0 0 0 0 1
 0 1 1 1 0 1 0 0 1 1 0 0 0 1 0 1 0 1 0 0 1 1 1 0 0 1 0 0 1 0 1 0 0 1 1 1 1
 0 1 1 1 1 1 1 0 1 0 1 0 0]
[[  9.24443159e-01   7.55568407e-02]
 [  1.31357081e-01   8.68642919e-01]
 [  1.31357081e-01   8.68642919e-01]
 [  9.22720949e-01   7.72790505e-02]
 [  8.98919549e-01   1.01080451e-01]
 [  1.31357081e-01   8.68642919e-01]
 [  9.29634448e-01   7.03655524e-02]
 [  1.31357081e-01   8.68642919e-01]
 [  1.39671457e-01   8.60328543e-01]
 [  1.31357081e-01   8.68642919e-01]
 [  1.31357081e-01   8.68642919e-01]
 [  1.31357081e-01   8.68642919e-01]
 [  1.31263316e-01   8.68736684e-01]
 [  9.98602302e-01   1.39769788e-03]
 [  1.31357081e-01   8.68642919e-01]
 [  1.31357081e-01   8.68642919e-01]
 [  1.31357081e-01   8.68642919e-01]
 [  3.33255985e-02   9.66674401e-01]
 [  1.31357081e-01   8.68642919e-01]
 [  1.24362247e-01   8.75637753e-01]
 [  1.31357081e-01   8.68642919e-01]
 [  1.31357081e-01   8.68642919e-01]
 [  1.31357081e-01   8.68642919e-01]
 [  1.00000000e+00   1.69463387e-35]
 [  9.39817735e-01   6.01822653e-02]
 [  8.93433447e-01   1.06566553e-01]
 [  1.31357081e-01   8.68642919e-01]
 [  1.31357081e-01   8.68642919e-01]
 [  9.32808312e-01   6.71916884e-02]
 [  1.31357081e-01   8.68642919e-01]
 [  9.31609417e-01   6.83905827e-02]
 [  9.56878906e-01   4.31210936e-02]
 [  8.42440856e-01   1.57559144e-01]
 [  9.25854895e-01   7.41451054e-02]
 [  9.50815614e-01   4.91843863e-02]
 [  9.14059398e-01   8.59406023e-02]
 [  1.31201269e-01   8.68798731e-01]
 [  9.11669543e-01   8.83304569e-02]
 [  1.39671457e-01   8.60328543e-01]
 [  1.31357081e-01   8.68642919e-01]
 [  1.39671457e-01   8.60328543e-01]
 [  9.31921429e-01   6.80785706e-02]
 [  2.88049913e-01   7.11950087e-01]
 [  9.48598533e-01   5.14014669e-02]
 [  8.53018942e-01   1.46981058e-01]
 [  1.24362247e-01   8.75637753e-01]
 [  1.39671457e-01   8.60328543e-01]
 [  1.00000000e+00   1.88618844e-35]
 [  9.31487312e-01   6.85126880e-02]
 [  1.00000000e+00   7.35461446e-15]
 [  1.31357081e-01   8.68642919e-01]
 [  8.84867457e-01   1.15132543e-01]
 [  1.31357081e-01   8.68642919e-01]
 [  9.12879522e-01   8.71204775e-02]
 [  1.39671457e-01   8.60328543e-01]
 [  9.24136519e-01   7.58634806e-02]
 [  8.67569020e-01   1.32430980e-01]
 [  4.61407559e-01   5.38592441e-01]
 [  1.39671457e-01   8.60328543e-01]
 [  1.39734037e-01   8.60265963e-01]
 [  9.38166215e-01   6.18337854e-02]
 [  9.07268278e-01   9.27317218e-02]
 [  1.39671457e-01   8.60328543e-01]
 [  8.91556444e-01   1.08443556e-01]
 [  9.21451432e-01   7.85485683e-02]
 [  1.31357081e-01   8.68642919e-01]
 [  8.96448260e-01   1.03551740e-01]
 [  1.31357081e-01   8.68642919e-01]
 [  9.27919146e-01   7.20808545e-02]
 [  9.34290828e-01   6.57091717e-02]
 [  1.31357081e-01   8.68642919e-01]
 [  1.39671457e-01   8.60328543e-01]
 [  1.09999232e-02   9.89000077e-01]
 [  1.27542746e-01   8.72457254e-01]
 [  9.09161656e-01   9.08383440e-02]
 [  1.31357081e-01   8.68642919e-01]
 [  1.31357081e-01   8.68642919e-01]
 [  1.31357081e-01   8.68642919e-01]
 [  1.39671457e-01   8.60328543e-01]
 [  1.39671457e-01   8.60328543e-01]
 [  1.31357081e-01   8.68642919e-01]
 [  9.35284916e-01   6.47150841e-02]
 [  1.31357081e-01   8.68642919e-01]
 [  8.89490956e-01   1.10509044e-01]
 [  1.39671457e-01   8.60328543e-01]
 [  9.31921429e-01   6.80785706e-02]
 [  1.00000000e+00   1.64317509e-35]]
N above threshold: 31
[0 0 1 1 0 0 0 1 0 1 0 1 0 0 1 1 1 0 0 1 0 0 1 0 1 0 0 1 1 1 1 0 1 1 1 1 1
 1 0 1 0 1 0 0]
[[  8.98450785e-01   1.01549215e-01]
 [  5.68003544e-01   4.31996456e-01]
 [  4.68081151e-02   9.53191885e-01]
 [  5.35135107e-02   9.46486489e-01]
 [  1.00000000e+00   5.38326787e-32]
 [  7.84371244e-01   2.15628756e-01]
 [  1.00000000e+00   1.30275894e-14]
 [  4.94612280e-02   9.50538772e-01]
 [  7.06201560e-01   2.93798440e-01]
 [  4.94612280e-02   9.50538772e-01]
 [  8.09554696e-01   1.90445304e-01]
 [  5.35135107e-02   9.46486489e-01]
 [  8.43958980e-01   1.56041020e-01]
 [  6.04126256e-01   3.95873744e-01]
 [  2.27659806e-01   7.72340194e-01]
 [  5.35135107e-02   9.46486489e-01]
 [  5.34034613e-02   9.46596539e-01]
 [  8.63676721e-01   1.36323279e-01]
 [  6.02141466e-01   3.97858534e-01]
 [  5.35135107e-02   9.46486489e-01]
 [  7.35482663e-01   2.64517337e-01]
 [  8.41677220e-01   1.58322780e-01]
 [  4.94612280e-02   9.50538772e-01]
 [  7.76320695e-01   2.23679305e-01]
 [  4.94612280e-02   9.50538772e-01]
 [  8.50017334e-01   1.49982666e-01]
 [  8.68578265e-01   1.31421735e-01]
 [  4.94612280e-02   9.50538772e-01]
 [  5.35135107e-02   9.46486489e-01]
 [  5.34380110e-03   9.94656199e-01]
 [  4.79385770e-02   9.52061423e-01]
 [  8.65982936e-01   1.34017064e-01]
 [  4.94612280e-02   9.50538772e-01]
 [  4.94612280e-02   9.50538772e-01]
 [  4.94612280e-02   9.50538772e-01]
 [  5.35135107e-02   9.46486489e-01]
 [  5.35135107e-02   9.46486489e-01]
 [  4.94612280e-02   9.50538772e-01]
 [  8.85416481e-01   1.14583519e-01]
 [  4.94612280e-02   9.50538772e-01]
 [  7.89905443e-01   2.10094557e-01]
 [  5.35135107e-02   9.46486489e-01]
 [  6.94597951e-01   3.05402049e-01]
 [  1.00000000e+00   1.65642625e-15]]
N above threshold: 25

###############
08-rotulada-tratada-embaralhada

[0 1 1 0 0 0 0 1 0 1 1 0 0 1 1 1 0 1 0 1 1 0 0 0 0 1 0 0 0 1 1 0 0 0 0 0 0
 0 0 0 0 1 0 0 1 0 1 1 1 0 1 1 1 0 0 1 0 1 1 0 1 0 0 0 0 0 0 0 0 0 1 1 0 0
 0 1 0 0 1 0 0 0 0 0 1 1 1 1 0 0 1 0 0 1 0 0 1 0 0 1 0 0 0 1 0 1 1 0 0 1 1
 0 1 0 0 0 0 1 0 0 0 0 1 1 1 1 0 0 1 1 1 1 1 0 0 1 1 0 0 1 0 0 1 0 1 0 0 1
 0 0 1 0 1 0 0 0 1 0 0 0 0 0 0 0 0 0 0 0 0 0 0 0 1 1 1 0 1 1 1]
[[  7.59575094e-01   2.40424906e-01]
 [  1.30521540e-17   1.00000000e+00]
 [  9.48796002e-17   1.00000000e+00]
 [  7.87042407e-01   2.12957593e-01]
 [  7.98731280e-01   2.01268720e-01]
 [  7.82528253e-01   2.17471747e-01]
 [  7.30954467e-01   2.69045533e-01]
 [  9.48749436e-17   1.00000000e+00]
 [  6.76810629e-01   3.23189371e-01]
 [  3.57710616e-01   6.42289384e-01]
 [  9.11316600e-03   9.90886834e-01]
 [  7.32707746e-01   2.67292254e-01]
 [  7.26427865e-01   2.73572135e-01]
 [  4.65969909e-01   5.34030091e-01]
 [  3.43272197e-02   9.65672780e-01]
 [  1.62487848e-02   9.83751215e-01]
 [  7.84263115e-01   2.15736885e-01]
 [  7.01034407e-16   1.00000000e+00]
 [  7.88342722e-01   2.11657278e-01]
 [  1.28399322e-17   1.00000000e+00]
 [  3.43272197e-02   9.65672780e-01]
 [  7.80075197e-01   2.19924803e-01]
 [  6.57024857e-01   3.42975143e-01]
 [  9.99981280e-01   1.87196947e-05]
 [  7.69521172e-01   2.30478828e-01]
 [  2.62756171e-01   7.37243829e-01]
 [  7.42900894e-01   2.57099106e-01]
 [  6.44839665e-01   3.55160335e-01]
 [  7.29224993e-01   2.70775007e-01]
 [  3.86928731e-11   1.00000000e+00]
 [  3.86934171e-11   1.00000000e+00]
 [  8.00248694e-01   1.99751306e-01]
 [  8.04473040e-01   1.95526960e-01]
 [  9.00099208e-01   9.99007920e-02]
 [  7.99161820e-01   2.00838180e-01]
 [  8.87728634e-01   1.12271366e-01]
 [  9.54827896e-01   4.51721041e-02]
 [  7.24709250e-01   2.75290750e-01]
 [  7.26881161e-01   2.73118839e-01]
 [  7.21382358e-01   2.78617642e-01]
 [  7.34689033e-01   2.65310967e-01]
 [  3.87271655e-11   1.00000000e+00]
 [  7.62651185e-01   2.37348815e-01]
 [  7.91391354e-01   2.08608646e-01]
 [  2.72912411e-01   7.27087589e-01]
 [  7.29030290e-01   2.70969710e-01]
 [  3.86934170e-11   1.00000000e+00]
 [  3.86928731e-11   1.00000000e+00]
 [  4.06990751e-01   5.93009249e-01]
 [  7.21020100e-01   2.78979900e-01]
 [  2.04439669e-01   7.95560331e-01]
 [  1.65990777e-03   9.98340092e-01]
 [  4.71395193e-15   1.00000000e+00]
 [  9.26204983e-01   7.37950172e-02]
 [  7.68074365e-01   2.31925635e-01]
 [  3.89751799e-01   6.10248201e-01]
 [  8.02799868e-01   1.97200132e-01]
 [  8.92230172e-05   9.99910777e-01]
 [  8.92134363e-05   9.99910787e-01]
 [  7.22247003e-01   2.77752997e-01]
 [  7.28658847e-05   9.99927134e-01]
 [  5.72485849e-01   4.27514151e-01]
 [  8.26765798e-01   1.73234202e-01]
 [  5.79659132e-01   4.20340868e-01]
 [  7.28351091e-01   2.71648909e-01]
 [  7.34469890e-01   2.65530110e-01]
 [  7.28145665e-01   2.71854335e-01]
 [  7.93887643e-01   2.06112357e-01]
 [  7.98511680e-01   2.01488320e-01]
 [  7.23294738e-01   2.76705262e-01]
 [  4.07469325e-01   5.92530675e-01]
 [  1.57439342e-32   1.00000000e+00]
 [  8.21818218e-01   1.78181782e-01]
 [  7.19367443e-01   2.80632557e-01]
 [  5.39365829e-01   4.60634171e-01]
 [  3.43272197e-02   9.65672780e-01]
 [  6.10744073e-01   3.89255927e-01]
 [  8.05563792e-01   1.94436208e-01]
 [  1.99377984e-01   8.00622016e-01]
 [  7.95261943e-01   2.04738057e-01]
 [  6.92960460e-01   3.07039540e-01]
 [  7.32545576e-01   2.67454424e-01]
 [  8.08136973e-01   1.91863027e-01]
 [  7.43862083e-01   2.56137917e-01]
 [  8.92322544e-05   9.99910768e-01]
 [  8.92149968e-05   9.99910785e-01]
 [  8.92915497e-05   9.99910708e-01]
 [  8.97979305e-05   9.99910202e-01]
 [  7.58637704e-01   2.41362296e-01]
 [  6.70142210e-01   3.29857790e-01]
 [  3.74986066e-01   6.25013934e-01]
 [  7.89470637e-01   2.10529363e-01]
 [  6.72694205e-01   3.27305795e-01]
 [  4.03389700e-01   5.96610300e-01]
 [  7.95854471e-01   2.04145529e-01]
 [  6.33024854e-01   3.66975146e-01]
 [  4.10990542e-01   5.89009458e-01]
 [  6.94770436e-01   3.05229564e-01]
 [  7.95910144e-01   2.04089856e-01]
 [  2.21741679e-01   7.78258321e-01]
 [  7.30093975e-01   2.69906025e-01]
 [  8.93619955e-01   1.06380045e-01]
 [  8.59307500e-01   1.40692500e-01]
 [  3.43272197e-02   9.65672780e-01]
 [  7.99045516e-01   2.00954484e-01]
 [  4.78253848e-01   5.21746152e-01]
 [  3.89031923e-09   9.99999996e-01]
 [  7.97552868e-01   2.02447132e-01]
 [  5.34502091e-01   4.65497909e-01]
 [  3.43272197e-02   9.65672780e-01]
 [  1.57439342e-32   1.00000000e+00]
 [  9.05099887e-01   9.49001135e-02]
 [  9.39811134e-02   9.06018887e-01]
 [  7.29030290e-01   2.70969710e-01]
 [  7.18451646e-01   2.81548354e-01]
 [  7.58637704e-01   2.41362296e-01]
 [  6.94296969e-01   3.05703031e-01]
 [  4.79969335e-01   5.20030665e-01]
 [  8.24404055e-01   1.75595945e-01]
 [  6.20395269e-01   3.79604731e-01]
 [  8.11593270e-01   1.88406730e-01]
 [  5.45814854e-01   4.54185146e-01]
 [  4.05859769e-01   5.94140231e-01]
 [  4.12286356e-01   5.87713644e-01]
 [  3.55903842e-02   9.64409616e-01]
 [  3.45082658e-01   6.54917342e-01]
 [  7.71411881e-01   2.28588119e-01]
 [  7.31984158e-01   2.68015842e-01]
 [  1.57439342e-32   1.00000000e+00]
 [  1.09356194e-02   9.89064381e-01]
 [  2.60698229e-01   7.39301771e-01]
 [  3.43272197e-02   9.65672780e-01]
 [  4.26718830e-01   5.73281170e-01]
 [  8.28969237e-01   1.71030763e-01]
 [  7.09379864e-01   2.90620136e-01]
 [  1.34387117e-05   9.99986561e-01]
 [  1.89490820e-05   9.99981051e-01]
 [  9.34972161e-01   6.50278395e-02]
 [  7.23401443e-01   2.76598557e-01]
 [  3.86464246e-01   6.13535754e-01]
 [  7.07530353e-01   2.92469647e-01]
 [  7.58965669e-01   2.41034331e-01]
 [  6.20375100e-04   9.99379625e-01]
 [  7.58394796e-01   2.41605204e-01]
 [  2.75142789e-01   7.24857211e-01]
 [  6.10055487e-01   3.89944513e-01]
 [  7.31743953e-01   2.68256047e-01]
 [  3.65284447e-01   6.34715553e-01]
 [  7.90866391e-01   2.09133609e-01]
 [  7.90866391e-01   2.09133609e-01]
 [  3.92429446e-01   6.07570554e-01]
 [  6.70715976e-01   3.29284024e-01]
 [  3.43272197e-02   9.65672780e-01]
 [  7.37055575e-01   2.62944425e-01]
 [  8.02353609e-01   1.97646391e-01]
 [  5.19452414e-01   4.80547586e-01]
 [  6.17414993e-02   9.38258501e-01]
 [  5.34367948e-01   4.65632052e-01]
 [  7.28360567e-01   2.71639433e-01]
 [  7.88438756e-01   2.11561244e-01]
 [  7.30769448e-01   2.69230552e-01]
 [  6.41817030e-01   3.58182970e-01]
 [  8.14605452e-01   1.85394548e-01]
 [  7.28166551e-01   2.71833449e-01]
 [  7.33869467e-01   2.66130533e-01]
 [  8.86169066e-01   1.13830934e-01]
 [  8.47356144e-01   1.52643856e-01]
 [  7.19522157e-01   2.80477843e-01]
 [  7.17754172e-01   2.82245828e-01]
 [  7.42814666e-01   2.57185334e-01]
 [  7.86916084e-01   2.13083916e-01]
 [  7.42814666e-01   2.57185334e-01]
 [  2.02065187e-01   7.97934813e-01]
 [  3.30425823e-02   9.66957418e-01]
 [  3.24401135e-01   6.75598865e-01]
 [  7.34389282e-01   2.65610718e-01]
 [  4.85624996e-01   5.14375004e-01]
 [  3.43272197e-02   9.65672780e-01]
 [  3.27740937e-01   6.72259063e-01]]
N above threshold: 47
[0 1 1 1 0 1 1 1 0 0 1 0 1 1 0 1 0 0 0 0 0 0 0 0 0 1 1 0 0 0 1 0 0 1 0 0 0
 0 0 1 1 1 1 0 0 1 0 0 1 0 0 1 0 0 1 0 0 0 1 0 0 1 0 0 1 1 1 1 0 0 0 0 0 0
 0 0 0 1 1 1 1 0 0 1 1 1 1 1 0 0 1 1 0 0 1 0 0 1 0 1 0 0 1 0 0 1 0 1 0 0 0
 1 0 0 0 0 0 0 0 0 0 0 0 0 0 0 0 1 1 1 0 0 1 1]
[[  7.69488935e-01   2.30511065e-01]
 [  2.72320525e-34   1.00000000e+00]
 [  5.47324773e-33   1.00000000e+00]
 [  4.57026155e-01   5.42973845e-01]
 [  7.62264625e-01   2.37735375e-01]
 [  2.34017591e-01   7.65982409e-01]
 [  4.96887885e-03   9.95031121e-01]
 [  4.83997659e-15   1.00000000e+00]
 [  9.31244307e-01   6.87556925e-02]
 [  8.06907597e-01   1.93092403e-01]
 [  4.35849022e-01   5.64150978e-01]
 [  8.36594033e-01   1.63405967e-01]
 [  4.79984532e-26   1.00000000e+00]
 [  4.43464533e-29   1.00000000e+00]
 [  7.63033371e-01   2.36966629e-01]
 [  3.62901378e-24   1.00000000e+00]
 [  6.11690245e-01   3.88309755e-01]
 [  8.59709709e-01   1.40290291e-01]
 [  6.21874805e-01   3.78125195e-01]
 [  7.69172528e-01   2.30827472e-01]
 [  7.74574547e-01   2.25425453e-01]
 [  7.68657825e-01   2.31342175e-01]
 [  9.02557391e-01   9.74426086e-02]
 [  8.40503637e-01   1.59496363e-01]
 [  7.63833977e-01   2.36166023e-01]
 [  4.50118377e-01   5.49881623e-01]
 [  2.56128314e-32   1.00000000e+00]
 [  8.53221535e-01   1.46778465e-01]
 [  7.60159540e-01   2.39840460e-01]
 [  6.45287019e-01   3.54712981e-01]
 [  3.88578860e-02   9.61142114e-01]
 [  7.13180871e-01   2.86819129e-01]
 [  8.38376140e-01   1.61623860e-01]
 [  2.45069107e-01   7.54930893e-01]
 [  8.29813258e-01   1.70186742e-01]
 [  7.42816123e-01   2.57183877e-01]
 [  7.73090059e-01   2.26909941e-01]
 [  8.17764820e-01   1.82235180e-01]
 [  7.78202280e-01   2.21797720e-01]
 [  2.65320440e-24   1.00000000e+00]
 [  2.65482678e-24   1.00000000e+00]
 [  5.61850713e-26   1.00000000e+00]
 [  3.03963574e-30   1.00000000e+00]
 [  7.96947295e-01   2.03052705e-01]
 [  7.10349340e-01   2.89650660e-01]
 [  4.22195966e-01   5.77804034e-01]
 [  8.19895899e-01   1.80104101e-01]
 [  7.20311590e-01   2.79688410e-01]
 [  4.48175009e-01   5.51824991e-01]
 [  8.31144548e-01   1.68855452e-01]
 [  6.76425766e-01   3.23574234e-01]
 [  4.53434393e-01   5.46565607e-01]
 [  7.42257695e-01   2.57742305e-01]
 [  8.29805799e-01   1.70194201e-01]
 [  2.48063124e-01   7.51936876e-01]
 [  7.70557603e-01   2.29442397e-01]
 [  9.05352431e-01   9.46475685e-02]
 [  8.83354523e-01   1.16645477e-01]
 [  3.88578860e-02   9.61142114e-01]
 [  8.32293808e-01   1.67706192e-01]
 [  5.23784104e-01   4.76215896e-01]
 [  1.14332212e-08   9.99999989e-01]
 [  8.33675315e-01   1.66324685e-01]
 [  5.79867615e-01   4.20132385e-01]
 [  3.88578860e-02   9.61142114e-01]
 [  2.56128314e-32   1.00000000e+00]
 [  2.37944175e-01   7.62055825e-01]
 [  1.07000282e-01   8.92999718e-01]
 [  7.69488935e-01   2.30511065e-01]
 [  7.59144488e-01   2.40855512e-01]
 [  7.96947295e-01   2.03052705e-01]
 [  7.43188717e-01   2.56811283e-01]
 [  5.20873093e-01   4.79126907e-01]
 [  8.51963126e-01   1.48036874e-01]
 [  6.63549958e-01   3.36450042e-01]
 [  8.67326231e-01   1.32673769e-01]
 [  6.32199875e-01   3.67800125e-01]
 [  4.49993785e-01   5.50006215e-01]
 [  4.65283408e-01   5.34716592e-01]
 [  3.94688887e-02   9.60531111e-01]
 [  4.10786807e-01   5.89213193e-01]
 [  8.08360874e-01   1.91639126e-01]
 [  7.71657300e-01   2.28342700e-01]
 [  2.56128314e-32   1.00000000e+00]
 [  1.31546224e-01   8.68453776e-01]
 [  3.13874508e-01   6.86125492e-01]
 [  3.88578860e-02   9.61142114e-01]
 [  4.74117463e-01   5.25882537e-01]
 [  8.59305114e-01   1.40694886e-01]
 [  7.56203875e-01   2.43796125e-01]
 [  2.49333793e-05   9.99975067e-01]
 [  3.19407215e-05   9.99968059e-01]
 [  9.37884653e-01   6.21153468e-02]
 [  7.63748248e-01   2.36251752e-01]
 [  4.36049216e-01   5.63950784e-01]
 [  7.54955254e-01   2.45044746e-01]
 [  7.95265454e-01   2.04734546e-01]
 [  7.98942771e-04   9.99201057e-01]
 [  7.94608243e-01   2.05391757e-01]
 [  3.08524649e-01   6.91475351e-01]
 [  6.65273378e-01   3.34726622e-01]
 [  7.72059772e-01   2.27940228e-01]
 [  3.58617236e-01   6.41382764e-01]
 [  8.26057130e-01   1.73942870e-01]
 [  8.26057130e-01   1.73942870e-01]
 [  4.38214489e-01   5.61785511e-01]
 [  7.16651139e-01   2.83348861e-01]
 [  3.88578860e-02   9.61142114e-01]
 [  7.79503228e-01   2.20496772e-01]
 [  8.35506340e-01   1.64493660e-01]
 [  5.67708158e-01   4.32291842e-01]
 [  6.90745184e-02   9.30925482e-01]
 [  6.49022098e-01   3.50977902e-01]
 [  7.68927908e-01   2.31072092e-01]
 [  8.23337650e-01   1.76662350e-01]
 [  7.71081112e-01   2.28918888e-01]
 [  6.96414907e-01   3.03585093e-01]
 [  8.55326894e-01   1.44673106e-01]
 [  7.68886247e-01   2.31113753e-01]
 [  7.76550223e-01   2.23449777e-01]
 [  8.97987301e-01   1.02012699e-01]
 [  8.76138770e-01   1.23861230e-01]
 [  7.59504612e-01   2.40495388e-01]
 [  7.62344349e-01   2.37655651e-01]
 [  7.84582063e-01   2.15417937e-01]
 [  8.24237069e-01   1.75762931e-01]
 [  7.84582063e-01   2.15417937e-01]
 [  2.29964802e-01   7.70035198e-01]
 [  3.83029291e-02   9.61697071e-01]
 [  3.72912198e-01   6.27087802e-01]
 [  7.74484069e-01   2.25515931e-01]
 [  5.30367230e-01   4.69632770e-01]
 [  3.88578860e-02   9.61142114e-01]
 [  4.02387991e-01   5.97612009e-01]]
N above threshold: 31
[1 0 0 1 0 0 1 0 0 1 0 0 0 1 0 0 1 0 0 1 1 1 1 0 0 0 0 0 0 0 0 0 1 1 1 1 0
 0 1 1 1 1 1 0 0 1 1 0 0 1 0 0 1 0 1 0 0 1 0 0 1 0 1 0 0 1 1 1 0 0 0 0 0 0
 0 0 0 0 0 0 0 0 1 1 1 0 0 1 1]
[[  3.80969653e-01   6.19030347e-01]
 [  8.35929086e-01   1.64070914e-01]
 [  7.34729631e-01   2.65270369e-01]
 [  4.51967293e-01   5.48032707e-01]
 [  8.49111455e-01   1.50888545e-01]
 [  6.89715441e-01   3.10284559e-01]
 [  4.67612090e-01   5.32387910e-01]
 [  7.67521795e-01   2.32478205e-01]
 [  8.46214200e-01   1.53785800e-01]
 [  2.74040197e-01   7.25959803e-01]
 [  7.91797013e-01   2.08202987e-01]
 [  9.11319873e-01   8.86801269e-02]
 [  8.95275999e-01   1.04724001e-01]
 [  4.49724791e-02   9.55027521e-01]
 [  8.50958128e-01   1.49041872e-01]
 [  5.50167843e-01   4.49832157e-01]
 [  8.40524624e-11   1.00000000e+00]
 [  8.50730096e-01   1.49269904e-01]
 [  6.02359433e-01   3.97640567e-01]
 [  4.49724791e-02   9.55027521e-01]
 [  1.14719717e-57   1.00000000e+00]
 [  2.50698688e-01   7.49301312e-01]
 [  1.09934911e-01   8.90065089e-01]
 [  7.90762421e-01   2.09237579e-01]
 [  7.80561486e-01   2.19438514e-01]
 [  8.17243469e-01   1.82756531e-01]
 [  7.70112556e-01   2.29887444e-01]
 [  5.45965123e-01   4.54034877e-01]
 [  8.64363112e-01   1.35636888e-01]
 [  6.94037823e-01   3.05962177e-01]
 [  8.89758391e-01   1.10241609e-01]
 [  6.24003311e-01   3.75996689e-01]
 [  4.55374182e-01   5.44625818e-01]
 [  4.95785608e-01   5.04214392e-01]
 [  4.62305875e-02   9.53769412e-01]
 [  4.63994441e-01   5.36005559e-01]
 [  8.28135874e-01   1.71864126e-01]
 [  7.90741951e-01   2.09258049e-01]
 [  1.14719717e-57   1.00000000e+00]
 [  4.37791512e-02   9.56220849e-01]
 [  3.03590925e-01   6.96409075e-01]
 [  4.49724791e-02   9.55027521e-01]
 [  4.85559369e-01   5.14440631e-01]
 [  8.71246030e-01   1.28753970e-01]
 [  7.83503535e-01   2.16496465e-01]
 [  2.90854611e-05   9.99970915e-01]
 [  3.78103113e-05   9.99962190e-01]
 [  9.38447010e-01   6.15529903e-02]
 [  7.85019197e-01   2.14980803e-01]
 [  3.91582526e-01   6.08417474e-01]
 [  7.82457480e-01   2.17542520e-01]
 [  8.17188335e-01   1.82811665e-01]
 [  9.71282757e-04   9.99028717e-01]
 [  8.13560869e-01   1.86439131e-01]
 [  2.92117470e-01   7.07882530e-01]
 [  6.79301972e-01   3.20698028e-01]
 [  7.93221225e-01   2.06778775e-01]
 [  5.37766583e-02   9.46223342e-01]
 [  8.45903079e-01   1.54096921e-01]
 [  8.45903079e-01   1.54096921e-01]
 [  4.39313947e-01   5.60686053e-01]
 [  7.40309593e-01   2.59690407e-01]
 [  4.49724791e-02   9.55027521e-01]
 [  8.02237321e-01   1.97762679e-01]
 [  8.53612094e-01   1.46387906e-01]
 [  4.18241625e-01   5.81758375e-01]
 [  7.88002982e-02   9.21199702e-01]
 [  2.03873565e-09   9.99999998e-01]
 [  7.90169627e-01   2.09830373e-01]
 [  8.41657601e-01   1.58342399e-01]
 [  7.92269792e-01   2.07730208e-01]
 [  7.27362763e-01   2.72637237e-01]
 [  8.76425347e-01   1.23574653e-01]
 [  7.90176551e-01   2.09823449e-01]
 [  7.98882283e-01   2.01117717e-01]
 [  9.07267988e-01   9.27320117e-02]
 [  9.97286007e-01   2.71399303e-03]
 [  7.80673932e-01   2.19326068e-01]
 [  7.86899746e-01   2.13100254e-01]
 [  8.06210814e-01   1.93789186e-01]
 [  8.42991490e-01   1.57008510e-01]
 [  8.06210814e-01   1.93789186e-01]
 [  2.44271326e-01   7.55728674e-01]
 [  4.44056844e-02   9.55594316e-01]
 [  3.31964365e-01   6.68035635e-01]
 [  7.95733872e-01   2.04266128e-01]
 [  5.48033904e-01   4.51966096e-01]
 [  4.49724791e-02   9.55027521e-01]
 [  4.10233790e-01   5.89766210e-01]]
N above threshold: 21
[0 1 1 0 0 1 0 0 1 0 1 0 0 1 0 0 1 0 1 0 0 0 1 1 0 0 0 0 0 0 0 0 0 0 0 0 0
 0 1 1 1 0 0 1 1]
[[  7.79402592e-01   2.20597408e-01]
 [  4.02395423e-06   9.99995976e-01]
 [  5.24982904e-06   9.99994750e-01]
 [  9.26412288e-01   7.35877116e-02]
 [  7.70557845e-01   2.29442155e-01]
 [  3.24160522e-01   6.75839478e-01]
 [  7.66502488e-01   2.33497512e-01]
 [  8.05483524e-01   1.94516476e-01]
 [  1.12525755e-03   9.98874742e-01]
 [  8.02331943e-01   1.97668057e-01]
 [  2.29659177e-01   7.70340823e-01]
 [  6.27593145e-01   3.72406855e-01]
 [  7.79087286e-01   2.20912714e-01]
 [  3.77133403e-02   9.62286660e-01]
 [  8.33707329e-01   1.66292671e-01]
 [  8.33707329e-01   1.66292671e-01]
 [  3.93156489e-01   6.06843511e-01]
 [  7.17888856e-01   2.82111144e-01]
 [  4.38899185e-02   9.56110081e-01]
 [  7.88526244e-01   2.11473756e-01]
 [  8.43416539e-01   1.56583461e-01]
 [  8.74166968e-01   1.25833032e-01]
 [  9.16549015e-02   9.08345098e-01]
 [  8.98019283e-30   1.00000000e+00]
 [  7.75741616e-01   2.24258384e-01]
 [  8.29526251e-01   1.70473749e-01]
 [  7.78217642e-01   2.21782358e-01]
 [  7.20823412e-01   2.79176588e-01]
 [  8.65153531e-01   1.34846469e-01]
 [  7.75470051e-01   2.24529949e-01]
 [  7.82338040e-01   2.17661960e-01]
 [  9.01227624e-01   9.87723758e-02]
 [  9.96954554e-01   3.04544646e-03]
 [  7.66447346e-01   2.33552654e-01]
 [  7.77798771e-01   2.22201229e-01]
 [  7.90268470e-01   2.09731530e-01]
 [  8.31650604e-01   1.68349396e-01]
 [  7.90268470e-01   2.09731530e-01]
 [  2.20744092e-01   7.79255908e-01]
 [  4.40190730e-02   9.55980927e-01]
 [  2.63832999e-01   7.36167001e-01]
 [  7.82032260e-01   2.17967740e-01]
 [  5.16779943e-01   4.83220057e-01]
 [  4.38899185e-02   9.56110081e-01]
 [  2.31066332e-01   7.68933668e-01]]
N above threshold: 12
